10 20 10 ID
0 0 0 189
1 0 0 193
2 0 0 138
3 0 0 138
4 0 0 54
5 0 0 54
6 0 0 102
7 0 0 147
8 0 0 147
9 0 0 147
0 1 0 189
1 1 0 189
2 1 0 138
3 1 0 54
4 1 0 54
5 1 0 54
6 1 0 102
7 1 0 102
8 1 0 147
9 1 0 147
0 2 0 189
1 2 0 15
2 2 0 155
3 2 0 155
4 2 0 54
5 2 0 54
6 2 0 102
7 2 0 102
8 2 0 6
9 2 0 6
0 3 0 15
1 3 0 15
2 3 0 155
3 3 0 155
4 3 0 155
5 3 0 54
6 3 0 102
7 3 0 6
8 3 0 6
9 3 0 6
0 4 0 15
1 4 0 15
2 4 0 155
3 4 0 155
4 4 0 155
5 4 0 124
6 4 0 6
7 4 0 6
8 4 0 6
9 4 0 6
0 5 0 15
1 5 0 15
2 5 0 155
3 5 0 155
4 5 0 183
5 5 0 124
6 5 0 124
7 5 0 6
8 5 0 6
9 5 0 6
0 6 0 69
1 6 0 69
2 6 0 69
3 6 0 53
4 6 0 183
5 6 0 177
6 6 0 177
7 6 0 117
8 6 0 117
9 6 0 117
0 7 0 69
1 7 0 69
2 7 0 69
3 7 0 53
4 7 0 177
5 7 0 177
6 7 0 177
7 7 0 5
8 7 0 5
9 7 0 5
0 8 0 34
1 8 0 34
2 8 0 34
3 8 0 53
4 8 0 49
5 8 0 90
6 8 0 5
7 8 0 5
8 8 0 5
9 8 0 5
0 9 0 66
1 9 0 145
2 9 0 145
3 9 0 49
4 9 0 49
5 9 0 49
6 9 0 5
7 9 0 5
8 9 0 5
9 9 0 5
0 10 0 66
1 10 0 145
2 10 0 145
3 10 0 49
4 10 0 49
5 10 0 49
6 10 0 5
7 10 0 5
8 10 0 5
9 10 0 5
0 11 0 66
1 11 0 145
2 11 0 4
3 11 0 59
4 11 0 59
5 11 0 171
6 11 0 127
7 11 0 127
8 11 0 109
9 11 0 109
0 12 0 46
1 12 0 71
2 12 0 59
3 12 0 59
4 12 0 59
5 12 0 139
6 12 0 127
7 12 0 127
8 12 0 42
9 12 0 42
0 13 0 121
1 13 0 71
2 13 0 59
3 13 0 59
4 13 0 139
5 13 0 139
6 13 0 139
7 13 0 42
8 13 0 42
9 13 0 42
0 14 0 91
1 14 0 91
2 14 0 1
3 14 0 59
4 14 0 139
5 14 0 139
6 14 0 139
7 14 0 42
8 14 0 42
9 14 0 42
0 15 0 91
1 15 0 1
2 15 0 1
3 15 0 1
4 15 0 139
5 15 0 139
6 15 0 94
7 15 0 42
8 15 0 42
9 15 0 42
0 16 0 91
1 16 0 1
2 16 0 1
3 16 0 1
4 16 0 21
5 16 0 94
6 16 0 94
7 16 0 70
8 16 0 70
9 16 0 70
0 17 0 41
1 17 0 1
2 17 0 1
3 17 0 21
4 17 0 21
5 17 0 94
6 17 0 94
7 17 0 70
8 17 0 70
9 17 0 70
0 18 0 41
1 18 0 1
2 18 0 21
3 18 0 21
4 18 0 21
5 18 0 21
6 18 0 94
7 18 0 70
8 18 0 70
9 18 0 70
0 19 0 41
1 19 0 21
2 19 0 21
3 19 0 21
4 19 0 21
5 19 0 21
6 19 0 194
7 19 0 149
8 19 0 70
9 19 0 70
0 0 1 193
1 0 1 193
2 0 1 138
3 0 1 138
4 0 1 74
5 0 1 74
6 0 1 80
7 0 1 147
8 0 1 147
9 0 1 147
0 1 1 116
1 1 1 193
2 1 1 138
3 1 1 138
4 1 1 74
5 1 1 74
6 1 1 80
7 1 1 102
8 1 1 147
9 1 1 147
0 2 1 116
1 2 1 15
2 2 1 155
3 2 1 155
4 2 1 54
5 2 1 80
6 2 1 80
7 2 1 102
8 2 1 82
9 2 1 82
0 3 1 15
1 3 1 15
2 3 1 155
3 3 1 155
4 3 1 56
5 3 1 190
6 3 1 126
7 3 1 82
8 3 1 82
9 3 1 82
0 4 1 15
1 4 1 15
2 4 1 155
3 4 1 155
4 4 1 56
5 4 1 124
6 4 1 124
7 4 1 82
8 4 1 82
9 4 1 82
0 5 1 69
1 5 1 69
2 5 1 53
3 5 1 183
4 5 1 183
5 5 1 124
6 5 1 124
7 5 1 117
8 5 1 117
9 5 1 117
0 6 1 69
1 6 1 69
2 6 1 53
3 6 1 53
4 6 1 183
5 6 1 177
6 6 1 177
7 6 1 117
8 6 1 117
9 6 1 117
0 7 1 69
1 7 1 69
2 7 1 53
3 7 1 53
4 7 1 177
5 7 1 177
6 7 1 177
7 7 1 27
8 7 1 27
9 7 1 27
0 8 1 34
1 8 1 34
2 8 1 53
3 8 1 53
4 8 1 49
5 8 1 90
6 8 1 90
7 8 1 192
8 8 1 129
9 8 1 129
0 9 1 34
1 9 1 34
2 9 1 34
3 9 1 49
4 9 1 49
5 9 1 90
6 9 1 90
7 9 1 192
8 9 1 5
9 9 1 76
0 10 1 66
1 10 1 145
2 10 1 168
3 10 1 49
4 10 1 49
5 10 1 49
6 10 1 90
7 10 1 109
8 10 1 109
9 10 1 109
0 11 1 46
1 11 1 46
2 11 1 4
3 11 1 4
4 11 1 49
5 11 1 171
6 11 1 127
7 11 1 127
8 11 1 109
9 11 1 109
0 12 1 121
1 12 1 71
2 12 1 71
3 12 1 59
4 12 1 171
5 12 1 171
6 12 1 127
7 12 1 127
8 12 1 127
9 12 1 109
0 13 1 121
1 13 1 71
2 13 1 71
3 13 1 59
4 13 1 139
5 13 1 139
6 13 1 127
7 13 1 127
8 13 1 42
9 13 1 75
0 14 1 91
1 14 1 91
2 14 1 96
3 14 1 141
4 14 1 139
5 14 1 139
6 14 1 174
7 14 1 174
8 14 1 42
9 14 1 75
0 15 1 91
1 15 1 91
2 15 1 45
3 15 1 141
4 15 1 141
5 15 1 139
6 15 1 174
7 15 1 174
8 15 1 42
9 15 1 75
0 16 1 91
1 16 1 41
2 16 1 1
3 16 1 1
4 16 1 141
5 16 1 94
6 16 1 94
7 16 1 101
8 16 1 101
9 16 1 101
0 17 1 41
1 17 1 41
2 17 1 1
3 17 1 21
4 17 1 21
5 17 1 194
6 17 1 94
7 17 1 70
8 17 1 70
9 17 1 70
0 18 1 41
1 18 1 41
2 18 1 21
3 18 1 21
4 18 1 21
5 18 1 194
6 18 1 194
7 18 1 149
8 18 1 70
9 18 1 43
0 19 1 14
1 19 1 14
2 19 1 14
3 19 1 21
4 19 1 21
5 19 1 194
6 19 1 194
7 19 1 149
8 19 1 149
9 19 1 43
0 0 2 193
1 0 2 193
2 0 2 138
3 0 2 138
4 0 2 74
5 0 2 74
6 0 2 74
7 0 2 50
8 0 2 81
9 0 2 81
0 1 2 116
1 1 2 193
2 1 2 65
3 1 2 74
4 1 2 74
5 1 2 74
6 1 2 50
7 1 2 50
8 1 2 50
9 1 2 81
0 2 2 116
1 2 2 116
2 2 2 65
3 2 2 56
4 2 2 56
5 2 2 190
6 2 2 126
7 2 2 50
8 2 2 50
9 2 2 8
0 3 2 15
1 3 2 15
2 3 2 12
3 3 2 56
4 3 2 56
5 3 2 190
6 3 2 126
7 3 2 126
8 3 2 8
9 3 2 8
0 4 2 15
1 4 2 15
2 4 2 12
3 4 2 12
4 4 2 56
5 4 2 124
6 4 2 124
7 4 2 84
8 4 2 84
9 4 2 8
0 5 2 128
1 5 2 53
2 5 2 12
3 5 2 183
4 5 2 183
5 5 2 124
6 5 2 124
7 5 2 84
8 5 2 117
9 5 2 117
0 6 2 128
1 6 2 53
2 6 2 53
3 6 2 53
4 6 2 183
5 6 2 177
6 6 2 177
7 6 2 117
8 6 2 117
9 6 2 117
0 7 2 128
1 7 2 53
2 7 2 53
3 7 2 53
4 7 2 177
5 7 2 177
6 7 2 177
7 7 2 27
8 7 2 27
9 7 2 27
0 8 2 128
1 8 2 53
2 8 2 53
3 8 2 53
4 8 2 53
5 8 2 90
6 8 2 90
7 8 2 192
8 8 2 129
9 8 2 129
0 9 2 142
1 9 2 34
2 9 2 168
3 9 2 168
4 9 2 49
5 9 2 90
6 9 2 90
7 9 2 192
8 9 2 192
9 9 2 76
0 10 2 142
1 10 2 142
2 10 2 168
3 10 2 168
4 10 2 49
5 10 2 90
6 10 2 90
7 10 2 192
8 10 2 109
9 10 2 76
0 11 2 121
1 11 2 121
2 11 2 168
3 11 2 168
4 11 2 49
5 11 2 156
6 11 2 156
7 11 2 197
8 11 2 197
9 11 2 197
0 12 2 121
1 12 2 121
2 12 2 71
3 12 2 71
4 12 2 156
5 12 2 156
6 12 2 156
7 12 2 127
8 12 2 104
9 12 2 104
0 13 2 121
1 13 2 121
2 13 2 96
3 13 2 96
4 13 2 156
5 13 2 156
6 13 2 156
7 13 2 174
8 13 2 104
9 13 2 75
0 14 2 91
1 14 2 96
2 14 2 96
3 14 2 141
4 14 2 141
5 14 2 113
6 14 2 174
7 14 2 174
8 14 2 184
9 14 2 75
0 15 2 91
1 15 2 45
2 15 2 45
3 15 2 141
4 15 2 141
5 15 2 113
6 15 2 113
7 15 2 174
8 15 2 101
9 15 2 75
0 16 2 91
1 16 2 41
2 16 2 45
3 16 2 141
4 16 2 141
5 16 2 28
6 16 2 113
7 16 2 101
8 16 2 101
9 16 2 101
0 17 2 41
1 17 2 41
2 17 2 41
3 17 2 141
4 17 2 28
5 17 2 28
6 17 2 28
7 17 2 101
8 17 2 101
9 17 2 43
0 18 2 41
1 18 2 14
2 18 2 14
3 18 2 14
4 18 2 161
5 18 2 161
6 18 2 161
7 18 2 149
8 18 2 43
9 18 2 43
0 19 2 14
1 19 2 14
2 19 2 14
3 19 2 14
4 19 2 161
5 19 2 161
6 19 2 149
7 19 2 149
8 19 2 149
9 19 2 43
0 0 3 193
1 0 3 65
2 0 3 65
3 0 3 106
4 0 3 106
5 0 3 74
6 0 3 107
7 0 3 81
8 0 3 81
9 0 3 81
0 1 3 116
1 1 3 65
2 1 3 65
3 1 3 65
4 1 3 74
5 1 3 74
6 1 3 50
7 1 3 50
8 1 3 81
9 1 3 81
0 2 3 116
1 2 3 65
2 2 3 65
3 2 3 65
4 2 3 56
5 2 3 185
6 2 3 185
7 2 3 50
8 2 3 8
9 2 3 8
0 3 3 116
1 3 3 12
2 3 3 12
3 3 3 12
4 3 3 56
5 3 3 185
6 3 3 185
7 3 3 84
8 3 3 8
9 3 3 8
0 4 3 146
1 4 3 12
2 4 3 12
3 4 3 12
4 4 3 12
5 4 3 185
6 4 3 84
7 4 3 84
8 4 3 61
9 4 3 61
0 5 3 128
1 5 3 12
2 5 3 12
3 5 3 12
4 5 3 173
5 5 3 124
6 5 3 84
7 5 3 84
8 5 3 16
9 5 3 16
0 6 3 128
1 6 3 128
2 6 3 53
3 6 3 173
4 6 3 173
5 6 3 177
6 6 3 177
7 6 3 16
8 6 3 16
9 6 3 16
0 7 3 128
1 7 3 128
2 7 3 53
3 7 3 53
4 7 3 177
5 7 3 177
6 7 3 177
7 7 3 68
8 7 3 68
9 7 3 68
0 8 3 128
1 8 3 128
2 8 3 53
3 8 3 53
4 8 3 86
5 8 3 90
6 8 3 90
7 8 3 68
8 8 3 68
9 8 3 68
0 9 3 135
1 9 3 135
2 9 3 168
3 9 3 168
4 9 3 90
5 9 3 90
6 9 3 90
7 9 3 192
8 9 3 192
9 9 3 76
0 10 3 135
1 10 3 135
2 10 3 168
3 10 3 168
4 10 3 49
5 10 3 90
6 10 3 90
7 10 3 192
8 10 3 197
9 10 3 76
0 11 3 135
1 11 3 135
2 11 3 25
3 11 3 23
4 11 3 198
5 11 3 198
6 11 3 35
7 11 3 35
8 11 3 197
9 11 3 197
0 12 3 121
1 12 3 121
2 12 3 23
3 12 3 23
4 12 3 198
5 12 3 198
6 12 3 198
7 12 3 35
8 12 3 104
9 12 3 104
0 13 3 121
1 13 3 121
2 13 3 96
3 13 3 23
4 13 3 198
5 13 3 198
6 13 3 198
7 13 3 104
8 13 3 104
9 13 3 104
0 14 3 121
1 14 3 165
2 14 3 165
3 14 3 165
4 14 3 141
5 14 3 170
6 14 3 113
7 14 3 174
8 14 3 104
9 14 3 24
0 15 3 91
1 15 3 165
2 15 3 165
3 15 3 165
4 15 3 112
5 15 3 170
6 15 3 113
7 15 3 113
8 15 3 101
9 15 3 24
0 16 3 91
1 16 3 165
2 16 3 165
3 16 3 112
4 16 3 112
5 16 3 28
6 16 3 113
7 16 3 113
8 16 3 101
9 16 3 101
0 17 3 186
1 17 3 125
2 17 3 165
3 17 3 112
4 17 3 28
5 17 3 28
6 17 3 28
7 17 3 136
8 17 3 182
9 17 3 182
0 18 3 186
1 18 3 14
2 18 3 14
3 18 3 14
4 18 3 28
5 18 3 28
6 18 3 136
7 18 3 136
8 18 3 136
9 18 3 43
0 19 3 14
1 19 3 14
2 19 3 14
3 19 3 14
4 19 3 161
5 19 3 161
6 19 3 2
7 19 3 149
8 19 3 119
9 19 3 119
0 0 4 157
1 0 4 7
2 0 4 106
3 0 4 106
4 0 4 106
5 0 4 107
6 0 4 107
7 0 4 148
8 0 4 81
9 0 4 81
0 1 4 157
1 1 4 157
2 1 4 65
3 1 4 106
4 1 4 167
5 1 4 107
6 1 4 148
7 1 4 148
8 1 4 81
9 1 4 81
0 2 4 157
1 2 4 157
2 2 4 65
3 2 4 65
4 2 4 167
5 2 4 185
6 2 4 148
7 2 4 52
8 2 4 52
9 2 4 51
0 3 4 157
1 3 4 157
2 3 4 12
3 3 4 12
4 3 4 185
5 3 4 185
6 3 4 185
7 3 4 52
8 3 4 52
9 3 4 52
0 4 4 146
1 4 4 12
2 4 4 12
3 4 4 12
4 4 4 173
5 4 4 187
6 4 4 84
7 4 4 61
8 4 4 61
9 4 4 61
0 5 4 146
1 5 4 146
2 5 4 92
3 5 4 173
4 5 4 173
5 5 4 173
6 5 4 84
7 5 4 61
8 5 4 61
9 5 4 61
0 6 4 146
1 6 4 146
2 6 4 92
3 6 4 173
4 6 4 173
5 6 4 173
6 6 4 173
7 6 4 16
8 6 4 16
9 6 4 16
0 7 4 128
1 7 4 128
2 7 4 92
3 7 4 92
4 7 4 86
5 7 4 86
6 7 4 86
7 7 4 68
8 7 4 68
9 7 4 68
0 8 4 128
1 8 4 128
2 8 4 53
3 8 4 86
4 8 4 86
5 8 4 86
6 8 4 86
7 8 4 68
8 8 4 68
9 8 4 68
0 9 4 39
1 9 4 39
2 9 4 25
3 9 4 25
4 9 4 86
5 9 4 86
6 9 4 188
7 9 4 188
8 9 4 175
9 9 4 76
0 10 4 135
1 10 4 135
2 10 4 25
3 10 4 25
4 10 4 23
5 10 4 188
6 10 4 188
7 10 4 35
8 10 4 35
9 10 4 197
0 11 4 114
1 11 4 25
2 11 4 25
3 11 4 23
4 11 4 23
5 11 4 198
6 11 4 35
7 11 4 35
8 11 4 35
9 11 4 197
0 12 4 114
1 12 4 25
2 12 4 23
3 12 4 23
4 12 4 23
5 12 4 198
6 12 4 35
7 12 4 35
8 12 4 35
9 12 4 11
0 13 4 121
1 13 4 23
2 13 4 23
3 13 4 23
4 13 4 23
5 13 4 198
6 13 4 123
7 13 4 123
8 13 4 104
9 13 4 11
0 14 4 196
1 14 4 196
2 14 4 165
3 14 4 165
4 14 4 170
5 14 4 170
6 14 4 144
7 14 4 123
8 14 4 104
9 14 4 11
0 15 4 196
1 15 4 196
2 15 4 165
3 15 4 112
4 15 4 112
5 15 4 170
6 15 4 170
7 15 4 113
8 15 4 24
9 15 4 24
0 16 4 125
1 16 4 125
2 16 4 165
3 16 4 112
4 16 4 112
5 16 4 112
6 16 4 170
7 16 4 182
8 16 4 182
9 16 4 182
0 17 4 186
1 17 4 125
2 17 4 125
3 17 4 112
4 17 4 112
5 17 4 28
6 17 4 136
7 17 4 136
8 17 4 182
9 17 4 182
0 18 4 186
1 18 4 186
2 18 4 14
3 18 4 14
4 18 4 28
5 18 4 28
6 18 4 136
7 18 4 136
8 18 4 136
9 18 4 182
0 19 4 186
1 19 4 14
2 19 4 14
3 19 4 14
4 19 4 2
5 19 4 2
6 19 4 2
7 19 4 136
8 19 4 136
9 19 4 119
0 0 5 157
1 0 5 7
2 0 5 7
3 0 5 106
4 0 5 107
5 0 5 107
6 0 5 107
7 0 5 148
8 0 5 81
9 0 5 81
0 1 5 157
1 1 5 157
2 1 5 7
3 1 5 167
4 1 5 167
5 1 5 107
6 1 5 148
7 1 5 148
8 1 5 51
9 1 5 51
0 2 5 157
1 2 5 157
2 2 5 157
3 2 5 167
4 2 5 167
5 2 5 167
6 2 5 148
7 2 5 148
8 2 5 51
9 2 5 51
0 3 5 172
1 3 5 157
2 3 5 157
3 3 5 153
4 3 5 153
5 3 5 187
6 3 5 187
7 3 5 52
8 3 5 52
9 3 5 51
0 4 5 146
1 4 5 146
2 4 5 92
3 4 5 153
4 4 5 153
5 4 5 187
6 4 5 187
7 4 5 83
8 4 5 83
9 4 5 83
0 5 5 146
1 5 5 146
2 5 5 92
3 5 5 173
4 5 5 173
5 5 5 187
6 5 5 187
7 5 5 83
8 5 5 83
9 5 5 83
0 6 5 146
1 6 5 146
2 6 5 92
3 6 5 92
4 6 5 173
5 6 5 173
6 6 5 187
7 6 5 132
8 6 5 132
9 6 5 132
0 7 5 146
1 7 5 146
2 7 5 92
3 7 5 92
4 7 5 86
5 7 5 86
6 7 5 86
7 7 5 191
8 7 5 68
9 7 5 68
0 8 5 39
1 8 5 137
2 8 5 137
3 8 5 180
4 8 5 86
5 8 5 86
6 8 5 86
7 8 5 175
8 8 5 175
9 8 5 175
0 9 5 39
1 9 5 39
2 9 5 133
3 9 5 180
4 9 5 180
5 9 5 86
6 9 5 188
7 9 5 175
8 9 5 175
9 9 5 175
0 10 5 39
1 10 5 39
2 10 5 133
3 10 5 133
4 10 5 180
5 10 5 188
6 10 5 188
7 10 5 188
8 10 5 175
9 10 5 175
0 11 5 114
1 11 5 114
2 11 5 25
3 11 5 23
4 11 5 23
5 11 5 188
6 11 5 188
7 11 5 35
8 11 5 35
9 11 5 158
0 12 5 114
1 12 5 114
2 12 5 23
3 12 5 23
4 12 5 23
5 12 5 159
6 12 5 159
7 12 5 123
8 12 5 123
9 12 5 158
0 13 5 85
1 13 5 85
2 13 5 23
3 13 5 23
4 13 5 23
5 13 5 159
6 13 5 159
7 13 5 123
8 13 5 123
9 13 5 158
0 14 5 85
1 14 5 196
2 14 5 196
3 14 5 23
4 14 5 170
5 14 5 144
6 14 5 144
7 14 5 123
8 14 5 123
9 14 5 158
0 15 5 196
1 15 5 196
2 15 5 196
3 15 5 112
4 15 5 112
5 15 5 170
6 15 5 144
7 15 5 144
8 15 5 79
9 15 5 79
0 16 5 125
1 16 5 125
2 16 5 125
3 16 5 112
4 16 5 112
5 16 5 112
6 16 5 170
7 16 5 182
8 16 5 182
9 16 5 79
0 17 5 186
1 17 5 125
2 17 5 125
3 17 5 112
4 17 5 112
5 17 5 112
6 17 5 136
7 17 5 136
8 17 5 182
9 17 5 160
0 18 5 186
1 18 5 186
2 18 5 125
3 18 5 125
4 18 5 112
5 18 5 152
6 18 5 152
7 18 5 136
8 18 5 136
9 18 5 160
0 19 5 186
1 19 5 186
2 19 5 14
3 19 5 14
4 19 5 152
5 19 5 152
6 19 5 152
7 19 5 152
8 19 5 136
9 19 5 119
0 0 6 157
1 0 6 7
2 0 6 7
3 0 6 63
4 0 6 63
5 0 6 107
6 0 6 107
7 0 6 148
8 0 6 93
9 0 6 93
0 1 6 172
1 1 6 157
2 1 6 7
3 1 6 167
4 1 6 167
5 1 6 107
6 1 6 148
7 1 6 148
8 1 6 51
9 1 6 51
0 2 6 172
1 2 6 172
2 2 6 157
3 2 6 167
4 2 6 167
5 2 6 164
6 2 6 151
7 2 6 195
8 2 6 195
9 2 6 51
0 3 6 172
1 3 6 172
2 3 6 153
3 3 6 153
4 3 6 153
5 3 6 153
6 3 6 151
7 3 6 195
8 3 6 195
9 3 6 195
0 4 6 172
1 4 6 172
2 4 6 153
3 4 6 153
4 4 6 153
5 4 6 153
6 4 6 151
7 4 6 83
8 4 6 83
9 4 6 83
0 5 6 146
1 5 6 146
2 5 6 92
3 5 6 153
4 5 6 153
5 5 6 153
6 5 6 187
7 5 6 132
8 5 6 132
9 5 6 132
0 6 6 146
1 6 6 146
2 6 6 92
3 6 6 92
4 6 6 153
5 6 6 153
6 6 6 191
7 6 6 191
8 6 6 62
9 6 6 62
0 7 6 146
1 7 6 137
2 7 6 137
3 7 6 92
4 7 6 86
5 7 6 86
6 7 6 191
7 7 6 191
8 7 6 191
9 7 6 181
0 8 6 137
1 8 6 137
2 8 6 137
3 8 6 180
4 8 6 180
5 8 6 86
6 8 6 86
7 8 6 169
8 8 6 175
9 8 6 181
0 9 6 39
1 9 6 137
2 9 6 105
3 9 6 180
4 9 6 180
5 9 6 180
6 9 6 169
7 9 6 169
8 9 6 175
9 9 6 175
0 10 6 39
1 10 6 133
2 10 6 133
3 10 6 133
4 10 6 180
5 10 6 180
6 10 6 188
7 10 6 169
8 10 6 175
9 10 6 175
0 11 6 114
1 11 6 114
2 11 6 133
3 11 6 133
4 11 6 162
5 11 6 162
6 11 6 188
7 11 6 188
8 11 6 175
9 11 6 175
0 12 6 114
1 12 6 114
2 12 6 133
3 12 6 23
4 12 6 23
5 12 6 159
6 12 6 159
7 12 6 100
8 12 6 100
9 12 6 158
0 13 6 85
1 13 6 85
2 13 6 58
3 13 6 23
4 13 6 159
5 13 6 159
6 13 6 159
7 13 6 100
8 13 6 100
9 13 6 158
0 14 6 85
1 14 6 85
2 14 6 196
3 14 6 196
4 14 6 159
5 14 6 159
6 14 6 159
7 14 6 100
8 14 6 100
9 14 6 158
0 15 6 131
1 15 6 196
2 15 6 196
3 15 6 196
4 15 6 112
5 15 6 144
6 15 6 144
7 15 6 55
8 15 6 143
9 15 6 143
0 16 6 131
1 16 6 125
2 16 6 125
3 16 6 112
4 16 6 112
5 16 6 112
6 16 6 118
7 16 6 118
8 16 6 118
9 16 6 79
0 17 6 30
1 17 6 125
2 17 6 125
3 17 6 32
4 17 6 112
5 17 6 22
6 17 6 118
7 17 6 118
8 17 6 118
9 17 6 118
0 18 6 30
1 18 6 30
2 18 6 120
3 18 6 120
4 18 6 176
5 18 6 22
6 18 6 22
7 18 6 118
8 18 6 118
9 18 6 118
0 19 6 30
1 19 6 30
2 19 6 120
3 19 6 120
4 19 6 22
5 19 6 22
6 19 6 22
7 19 6 22
8 19 6 118
9 19 6 118
0 0 7 172
1 0 7 7
2 0 7 63
3 0 7 63
4 0 7 63
5 0 7 63
6 0 7 63
7 0 7 93
8 0 7 93
9 0 7 93
0 1 7 172
1 1 7 172
2 1 7 108
3 1 7 63
4 1 7 63
5 1 7 164
6 1 7 164
7 1 7 93
8 1 7 93
9 1 7 93
0 2 7 172
1 2 7 172
2 2 7 108
3 2 7 164
4 2 7 164
5 2 7 164
6 2 7 151
7 2 7 195
8 2 7 195
9 2 7 195
0 3 7 172
1 3 7 172
2 3 7 108
3 3 7 153
4 3 7 153
5 3 7 13
6 3 7 151
7 3 7 195
8 3 7 195
9 3 7 195
0 4 7 172
1 4 7 172
2 4 7 153
3 4 7 153
4 4 7 153
5 4 7 153
6 4 7 150
7 4 7 150
8 4 7 195
9 4 7 195
0 5 7 146
1 5 7 146
2 5 7 92
3 5 7 153
4 5 7 153
5 5 7 10
6 5 7 10
7 5 7 10
8 5 7 62
9 5 7 62
0 6 7 146
1 6 7 146
2 6 7 92
3 6 7 134
4 6 7 134
5 6 7 134
6 6 7 140
7 6 7 191
8 6 7 62
9 6 7 62
0 7 7 137
1 7 7 137
2 7 7 179
3 7 7 179
4 7 7 134
5 7 7 140
6 7 7 140
7 7 7 191
8 7 7 191
9 7 7 181
0 8 7 17
1 8 7 137
2 8 7 179
3 8 7 179
4 8 7 180
5 8 7 180
6 8 7 140
7 8 7 169
8 8 7 181
9 8 7 181
0 9 7 17
1 9 7 105
2 9 7 105
3 9 7 105
4 9 7 180
5 9 7 180
6 9 7 169
7 9 7 169
8 9 7 169
9 9 7 31
0 10 7 111
1 10 7 105
2 10 7 105
3 10 7 3
4 10 7 162
5 10 7 162
6 10 7 169
7 10 7 169
8 10 7 169
9 10 7 31
0 11 7 111
1 11 7 111
2 11 7 133
3 11 7 3
4 11 7 162
5 11 7 162
6 11 7 103
7 11 7 103
8 11 7 103
9 11 7 31
0 12 7 58
1 12 7 58
2 12 7 58
3 12 7 3
4 12 7 0
5 12 7 0
6 12 7 159
7 12 7 103
8 12 7 89
9 12 7 60
0 13 7 58
1 13 7 58
2 13 7 58
3 13 7 58
4 13 7 0
5 13 7 0
6 13 7 159
7 13 7 100
8 13 7 89
9 13 7 60
0 14 7 131
1 14 7 58
2 14 7 58
3 14 7 88
4 14 7 88
5 14 7 88
6 14 7 55
7 14 7 55
8 14 7 55
9 14 7 143
0 15 7 131
1 15 7 131
2 15 7 154
3 15 7 154
4 15 7 88
5 15 7 88
6 15 7 55
7 15 7 55
8 15 7 143
9 15 7 143
0 16 7 131
1 16 7 131
2 16 7 154
3 16 7 32
4 16 7 122
5 16 7 88
6 16 7 163
7 16 7 118
8 16 7 118
9 16 7 143
0 17 7 95
1 17 7 95
2 17 7 32
3 17 7 32
4 17 7 176
5 17 7 176
6 17 7 163
7 17 7 178
8 17 7 118
9 17 7 130
0 18 7 30
1 18 7 30
2 18 7 120
3 18 7 32
4 18 7 176
5 18 7 176
6 18 7 163
7 18 7 178
8 18 7 178
9 18 7 130
0 19 7 30
1 19 7 120
2 19 7 120
3 19 7 120
4 19 7 176
5 19 7 22
6 19 7 22
7 19 7 178
8 19 7 178
9 19 7 130
0 0 8 172
1 0 8 108
2 0 8 63
3 0 8 63
4 0 8 63
5 0 8 63
6 0 8 93
7 0 8 93
8 0 8 93
9 0 8 93
0 1 8 172
1 1 8 108
2 1 8 108
3 1 8 63
4 1 8 63
5 1 8 164
6 1 8 164
7 1 8 93
8 1 8 93
9 1 8 93
0 2 8 172
1 2 8 108
2 2 8 108
3 2 8 108
4 2 8 13
5 2 8 13
6 2 8 13
7 2 8 78
8 2 8 195
9 2 8 98
0 3 8 172
1 3 8 108
2 3 8 108
3 3 8 13
4 3 8 13
5 3 8 13
6 3 8 150
7 3 8 78
8 3 8 195
9 3 8 98
0 4 8 172
1 4 8 108
2 4 8 20
3 4 8 20
4 4 8 13
5 4 8 150
6 4 8 150
7 4 8 150
8 4 8 195
9 4 8 98
0 5 8 172
1 5 8 20
2 5 8 20
3 5 8 20
4 5 8 134
5 5 8 10
6 5 8 10
7 5 8 10
8 5 8 44
9 5 8 110
0 6 8 179
1 6 8 179
2 6 8 20
3 6 8 134
4 6 8 134
5 6 8 134
6 6 8 140
7 6 8 44
8 6 8 44
9 6 8 110
0 7 8 17
1 7 8 179
2 7 8 179
3 7 8 179
4 7 8 134
5 7 8 140
6 7 8 140
7 7 8 140
8 7 8 44
9 7 8 110
0 8 8 17
1 8 8 179
2 8 8 179
3 8 8 179
4 8 8 40
5 8 8 140
6 8 8 140
7 8 8 140
8 8 8 181
9 8 8 181
0 9 8 17
1 9 8 17
2 9 8 179
3 9 8 3
4 9 8 3
5 9 8 162
6 9 8 169
7 9 8 169
8 9 8 169
9 9 8 31
0 10 8 111
1 10 8 111
2 10 8 3
3 10 8 3
4 10 8 3
5 10 8 162
6 10 8 26
7 10 8 103
8 10 8 103
9 10 8 31
0 11 8 111
1 11 8 111
2 11 8 3
3 11 8 3
4 11 8 3
5 11 8 37
6 11 8 103
7 11 8 103
8 11 8 103
9 11 8 103
0 12 8 58
1 12 8 58
2 12 8 58
3 12 8 3
4 12 8 0
5 12 8 0
6 12 8 0
7 12 8 103
8 12 8 89
9 12 8 60
0 13 8 58
1 13 8 58
2 13 8 58
3 13 8 58
4 13 8 0
5 13 8 0
6 13 8 0
7 13 8 89
8 13 8 89
9 13 8 60
0 14 8 58
1 14 8 58
2 14 8 58
3 14 8 88
4 14 8 88
5 14 8 88
6 14 8 88
7 14 8 55
8 14 8 89
9 14 8 60
0 15 8 131
1 15 8 154
2 15 8 154
3 15 8 122
4 15 8 88
5 15 8 88
6 15 8 88
7 15 8 55
8 15 8 143
9 15 8 143
0 16 8 95
1 16 8 154
2 16 8 154
3 16 8 122
4 16 8 122
5 16 8 122
6 16 8 163
7 16 8 33
8 16 8 130
9 16 8 130
0 17 8 95
1 17 8 95
2 17 8 48
3 17 8 32
4 17 8 176
5 17 8 176
6 17 8 163
7 17 8 178
8 17 8 130
9 17 8 130
0 18 8 95
1 18 8 95
2 18 8 32
3 18 8 32
4 18 8 176
5 18 8 176
6 18 8 163
7 18 8 178
8 18 8 178
9 18 8 130
0 19 8 95
1 19 8 120
2 19 8 120
3 19 8 32
4 19 8 176
5 19 8 176
6 19 8 163
7 19 8 178
8 19 8 178
9 19 8 130
0 0 9 108
1 0 9 108
2 0 9 108
3 0 9 63
4 0 9 63
5 0 9 63
6 0 9 93
7 0 9 93
8 0 9 93
9 0 9 93
0 1 9 108
1 1 9 108
2 1 9 108
3 1 9 63
4 1 9 63
5 1 9 13
6 1 9 78
7 1 9 93
8 1 9 93
9 1 9 93
0 2 9 108
1 2 9 108
2 2 9 108
3 2 9 108
4 2 9 13
5 2 9 13
6 2 9 78
7 2 9 78
8 2 9 78
9 2 9 98
0 3 9 108
1 3 9 108
2 3 9 108
3 3 9 20
4 3 9 13
5 3 9 13
6 3 9 78
7 3 9 78
8 3 9 78
9 3 9 98
0 4 9 108
1 4 9 108
2 4 9 20
3 4 9 20
4 4 9 20
5 4 9 150
6 4 9 150
7 4 9 78
8 4 9 78
9 4 9 98
0 5 9 20
1 5 9 20
2 5 9 20
3 5 9 20
4 5 9 20
5 5 9 10
6 5 9 10
7 5 9 10
8 5 9 44
9 5 9 110
0 6 9 64
1 6 9 64
2 6 9 20
3 6 9 20
4 6 9 134
5 6 9 134
6 6 9 140
7 6 9 44
8 6 9 44
9 6 9 110
0 7 9 17
1 7 9 64
2 7 9 64
3 7 9 64
4 7 9 134
5 7 9 140
6 7 9 140
7 7 9 140
8 7 9 72
9 7 9 72
0 8 9 17
1 8 9 64
2 8 9 64
3 8 9 40
4 8 9 40
5 8 9 140
6 8 9 140
7 8 9 140
8 8 9 72
9 8 9 72
0 9 9 17
1 9 9 99
2 9 9 99
3 9 9 40
4 9 9 40
5 9 9 26
6 9 9 26
7 9 9 166
8 9 9 166
9 9 9 31
0 10 9 111
1 10 9 36
2 10 9 99
3 10 9 3
4 10 9 3
5 10 9 26
6 10 9 26
7 10 9 166
8 10 9 166
9 10 9 166
0 11 9 111
1 11 9 36
2 11 9 36
3 11 9 3
4 11 9 37
5 11 9 37
6 11 9 26
7 11 9 103
8 11 9 103
9 11 9 103
0 12 9 115
1 12 9 115
2 12 9 115
3 12 9 37
4 12 9 37
5 12 9 37
6 12 9 37
7 12 9 103
8 12 9 89
9 12 9 60
0 13 9 115
1 13 9 115
2 13 9 115
3 13 9 115
4 13 9 199
5 13 9 199
6 13 9 199
7 13 9 89
8 13 9 89
9 13 9 60
0 14 9 115
1 14 9 115
2 14 9 115
3 14 9 88
4 14 9 88
5 14 9 88
6 14 9 88
7 14 9 89
8 14 9 89
9 14 9 60
0 15 9 154
1 15 9 154
2 15 9 154
3 15 9 122
4 15 9 122
5 15 9 88
6 15 9 88
7 15 9 55
8 15 9 33
9 15 9 143
0 16 9 73
1 16 9 154
2 16 9 48
3 16 9 122
4 16 9 122
5 16 9 122
6 16 9 122
7 16 9 33
8 16 9 33
9 16 9 130
0 17 9 73
1 17 9 73
2 17 9 48
3 17 9 18
4 17 9 18
5 17 9 18
6 17 9 163
7 17 9 33
8 17 9 33
9 17 9 130
0 18 9 73
1 18 9 73
2 18 9 48
3 18 9 32
4 18 9 176
5 18 9 176
6 18 9 163
7 18 9 178
8 18 9 33
9 18 9 130
0 19 9 73
1 19 9 120
2 19 9 32
3 19 9 32
4 19 9 176
5 19 9 176
6 19 9 163
7 19 9 178
8 19 9 178
9 19 9 130
